Accuracy: 0.49056603773584906
Precision: 0.5
Recall: 0.4074074074074074
F1 Score: 0.4489795918367347
