Accuracy: 0.7555555555555555
Precision: 0.7471264367816092
Recall: 0.8552631578947368
F1 Score: 0.7975460122699386
