Accuracy: 0.6415094339622641
Precision: 0.6818181818181818
Recall: 0.5555555555555556
F1 Score: 0.6122448979591837
