Accuracy: 0.5471698113207547
Precision: 0.5789473684210527
Recall: 0.4074074074074074
F1 Score: 0.4782608695652174
