Accuracy: 0.7708333333333334
Precision: 0.8421052631578947
Recall: 0.6666666666666666
F1 Score: 0.7441860465116279
