Accuracy: 0.5452936444086887
Precision: 0.5611750454270139
Recall: 0.5736842105263158
F1 Score: 0.5673606858542559
