Accuracy: 0.5707160096540628
Precision: 0.5644791188618632
Recall: 0.7616099071207431
F1 Score: 0.6483921982076963
