Accuracy: 0.8541666666666666
Precision: 0.8695652173913043
Recall: 0.8333333333333334
F1 Score: 0.851063829787234
