Accuracy: 0.8125
Precision: 0.8260869565217391
Recall: 0.7916666666666666
F1 Score: 0.8085106382978723
