Accuracy: 0.8333333333333334
Precision: 0.8333333333333334
Recall: 0.8333333333333334
F1 Score: 0.8333333333333334
