Accuracy: 0.6888888888888889
Precision: 0.6976744186046512
Recall: 0.7894736842105263
F1 Score: 0.7407407407407407
