Accuracy: 0.5874497184231697
Precision: 0.5758887876025525
Recall: 0.7823529411764706
F1 Score: 0.6634287214491993
