Accuracy: 0.5647626709573612
Precision: 0.5635747154274643
Recall: 0.7204334365325077
F1 Score: 0.6324228835439598
