Accuracy: 0.6666666666666666
Precision: 0.6371681415929203
Recall: 0.9473684210526315
F1 Score: 0.7619047619047619
