Accuracy: 0.7037037037037037
Precision: 0.6914893617021277
Recall: 0.8552631578947368
F1 Score: 0.7647058823529411
