Accuracy: 0.7916666666666666
Precision: 0.8181818181818182
Recall: 0.75
F1 Score: 0.782608695652174
