Accuracy: 0.5406275140788415
Precision: 0.5557206537890045
Recall: 0.5789473684210527
F1 Score: 0.5670962850644428
