Accuracy: 0.675
Precision: 0.6693548387096774
Recall: 0.6916666666666667
F1 Score: 0.680327868852459
