Accuracy: 0.6416666666666667
Precision: 0.6268656716417911
Recall: 0.7
F1 Score: 0.6614173228346457
