Accuracy: 0.5546259050683829
Precision: 0.5636363636363636
Recall: 0.6334365325077399
F1 Score: 0.5965014577259475
