Accuracy: 0.5916666666666667
Precision: 0.5916666666666667
Recall: 0.5916666666666667
F1 Score: 0.5916666666666667
