Accuracy: 0.8125
Precision: 0.8
Recall: 0.8333333333333334
F1 Score: 0.8163265306122449
