Accuracy: 0.7407407407407407
Precision: 0.735632183908046
Recall: 0.8421052631578947
F1 Score: 0.7852760736196319
