Accuracy: 0.517940466613033
Precision: 0.5375481386392811
Recall: 0.5185758513931888
F1 Score: 0.5278915852505516
