Accuracy: 0.5849056603773585
Precision: 0.7272727272727273
Recall: 0.2962962962962963
F1 Score: 0.42105263157894735
