Accuracy: 0.502815768302494
Precision: 0.5211480362537765
Recall: 0.5340557275541795
F1 Score: 0.5275229357798165
