Accuracy: 0.7111111111111111
Precision: 0.7341772151898734
Recall: 0.7631578947368421
F1 Score: 0.7483870967741936
