Accuracy: 0.5581657280772325
Precision: 0.5663741086121777
Recall: 0.6393188854489165
F1 Score: 0.6006399069226295
