Accuracy: 0.5660377358490566
Precision: 0.5833333333333334
Recall: 0.5185185185185185
F1 Score: 0.5490196078431373
