Accuracy: 0.5629927594529365
Precision: 0.5589449541284404
Recall: 0.7544891640866873
F1 Score: 0.6421607378129117
