Accuracy: 0.5203539823008849
Precision: 0.5331557922769641
Recall: 0.6198142414860681
F1 Score: 0.573228346456693
