Accuracy: 0.7291666666666666
Precision: 0.8235294117647058
Recall: 0.5833333333333334
F1 Score: 0.6829268292682927
