Accuracy: 0.725925925925926
Precision: 0.7349397590361446
Recall: 0.8026315789473685
F1 Score: 0.7672955974842768
