Accuracy: 0.7916666666666666
Precision: 0.7916666666666666
Recall: 0.7916666666666666
F1 Score: 0.7916666666666666
