Accuracy: 0.6666666666666666
Precision: 0.6666666666666666
Recall: 0.8157894736842105
F1 Score: 0.7337278106508875
