Accuracy: 0.7481481481481481
Precision: 0.7386363636363636
Recall: 0.8552631578947368
F1 Score: 0.7926829268292683
