Accuracy: 0.8125
Precision: 0.8947368421052632
Recall: 0.7083333333333334
F1 Score: 0.7906976744186046
