Accuracy: 0.6148148148148148
Precision: 0.6666666666666666
Recall: 0.631578947368421
F1 Score: 0.6486486486486487
