Accuracy: 0.4875
Precision: 0.49079754601226994
Recall: 0.6666666666666666
F1 Score: 0.5653710247349824
