Accuracy: 0.5125
Precision: 0.5111111111111111
Recall: 0.575
F1 Score: 0.5411764705882353
