Accuracy: 0.75
Precision: 0.7727272727272727
Recall: 0.7083333333333334
F1 Score: 0.7391304347826086
