Accuracy: 0.6104585679806919
Precision: 0.584783064347097
Recall: 0.8637770897832817
F1 Score: 0.6974128233970753
