Accuracy: 0.5631536604987932
Precision: 0.5740155217016384
Recall: 0.618266253869969
F1 Score: 0.5953197197794008
