Accuracy: 0.5673370876910699
Precision: 0.5747857340337296
Recall: 0.6436532507739938
F1 Score: 0.6072732583613262
