Accuracy: 0.6888888888888889
Precision: 0.67
Recall: 0.881578947368421
F1 Score: 0.7613636363636364
