Accuracy: 0.7851851851851852
Precision: 0.7764705882352941
Recall: 0.868421052631579
F1 Score: 0.8198757763975155
