Accuracy: 0.7407407407407407
Precision: 0.7252747252747253
Recall: 0.868421052631579
F1 Score: 0.7904191616766467
