Accuracy: 0.7708333333333334
Precision: 0.8095238095238095
Recall: 0.7083333333333334
F1 Score: 0.7555555555555555
