Accuracy: 0.7708333333333334
Precision: 0.76
Recall: 0.7916666666666666
F1 Score: 0.7755102040816326
