Accuracy: 0.7708333333333334
Precision: 0.8823529411764706
Recall: 0.625
F1 Score: 0.7317073170731707
