Accuracy: 0.8333333333333334
Precision: 0.9444444444444444
Recall: 0.7083333333333334
F1 Score: 0.8095238095238095
