Accuracy: 0.49056603773584906
Precision: 0.5
Recall: 0.25925925925925924
F1 Score: 0.34146341463414637
