Accuracy: 0.7037037037037037
Precision: 0.6956521739130435
Recall: 0.8421052631578947
F1 Score: 0.7619047619047619
