Accuracy: 0.7708333333333334
Precision: 0.782608695652174
Recall: 0.75
F1 Score: 0.7659574468085106
